index,distance
0,10
1,10
2,10
3,10
4,8
5,8
6,8
7,8
8,8
9,8
10,8
11,8
12,8
13,8
14,8
15,8
16,8
17,8
18,10
19,10
20,10
21,10
22,6
23,6
24,6
25,6
26,6
27,6
28,6
29,6
30,8
31,8
32,8
33,8
34,6
35,6
36,6
37,6
38,6
39,6
40,6
41,6
42,6
43,6
44,6
45,6
46,6
47,6
48,6
49,6
50,6
51,6
52,6
53,6
54,6
55,6
56,6
57,6
58,6
59,6
60,6
61,6
62,6
63,6
64,6
65,6
66,8
67,8
68,8
69,8
70,8
71,8
72,8
73,8
74,10
75,10
76,10
77,10
78,6
79,6
80,6
81,6
82,6
83,6
84,6
85,6
86,6
87,6
88,10
89,10
90,10
91,10
92,8
93,8
94,8
95,8
96,10
97,10
98,10
99,10
100,10
101,10
102,10
103,10
104,10
105,10
106,10
107,10
108,10
109,10
110,10
111,10
112,6
113,10
114,10
115,10
116,10
117,10
118,10
119,10
120,10
121,6
122,6
123,6
124,6
125,6
126,6
127,6
128,6
129,10
130,10
131,10
132,10
133,8
134,8
135,8
136,8
137,10
138,10
139,10
140,10
141,8
142,8
143,8
144,8
145,8
146,8
147,8
148,8
149,8
150,8
151,8
152,8
153,8
154,6
155,6
156,6
157,6
158,6
159,6
160,6
161,6
162,10
163,10
164,10
165,10
166,8
167,8
168,8
169,8
170,8
171,8
172,8
173,8
174,8
175,8
176,10
177,10
178,10
179,10
180,8
181,8
182,8
183,8
184,8
185,8
186,6
187,8
188,8
189,8
190,8
191,8
192,8
193,8
194,8
195,8
196,8
197,8
198,8
199,8
200,8
201,10
202,10
203,10
204,10
205,10
206,10
207,10
208,10
209,8
210,8
211,8
212,8
213,10
214,10
215,10
216,10
217,10
218,10
219,10
220,10
221,10
222,10
223,10
224,10
225,10
226,10
227,10
228,8
229,8
230,8
231,8
232,8
233,8
234,6
235,6
236,6
237,6
238,6
239,6
240,6
241,6
242,6
243,6
244,6
245,6
246,6
247,6
248,6
249,6
250,6
251,6
252,6
253,8
254,8
255,8
256,8
257,8
258,8
259,8
260,8
261,8
262,8
263,8
264,8
265,8
266,8
267,8
268,8
269,8
270,6
271,6
272,6
273,6
274,6
275,6
276,6
277,6
278,8
279,8
280,8
281,8
282,8
283,8
284,8
285,8
286,10
287,10
288,10
289,10
290,6
291,6
292,8
293,8
294,8
295,8
296,8
297,8
298,8
299,10
300,10
301,10
302,10
303,6
304,10
305,10
306,10
307,10
308,8
309,8
310,8
311,8
312,8
313,8
314,8
315,8
316,10
317,10
318,10
319,10
320,10
321,10
322,10
323,10
324,10
325,10
326,10
327,10
328,6
329,6
330,8
331,8
332,8
333,8
334,8
335,8
336,8
337,8
338,8
339,8
340,8
341,8
342,8
343,8
344,8
345,8
346,8
347,8
348,8
349,8
350,8
351,8
352,6
353,6
354,6
355,6
356,6
357,6
358,6
359,6
360,6
361,6
362,6
363,6
364,6
365,6
366,6
367,6
368,10
369,10
370,10
371,10
372,10
373,10
374,10
375,8
376,8
377,8
378,8
379,10
380,10
381,10
382,10
383,10
384,10
385,10
386,10
387,8
388,8
389,8
390,8
391,6
392,6
393,6
394,6
395,6
396,6
397,6
398,6
399,6
400,6
401,6
402,6
403,6
404,6
405,10
406,10
407,10
408,10
409,10
410,10
411,10
412,10
413,6
414,6
415,6
416,6
417,10
418,10
419,10
420,10
421,10
422,10
423,10
424,10
425,10
426,8
427,8
428,8
429,8
430,8
431,8
432,8
433,8
434,10
435,10
436,10
437,6
438,6
439,10
440,10
441,10
442,10
443,6
444,6
445,10
446,10
447,10
448,6
449,6
450,6
451,6
452,6
453,10
454,10
455,10
456,10
457,10
458,10
459,10
460,10
461,10
462,10
463,10
464,10
465,10
466,10
467,10
468,10
469,10
470,10
471,10
472,10
473,6
474,6
475,8
476,8
477,8
478,8
479,8
480,8
481,8
482,10
483,10
484,10
485,10
486,8
487,8
488,8
489,8
490,8
491,8
492,8
493,6
494,6
495,6
496,6
497,6
498,6
499,6
500,6
501,6
502,6
503,6
504,6
505,6
506,6
507,6
508,6
509,6
510,10
511,10
512,10
513,10
514,8
515,8
516,8
517,8
518,8
519,8
520,8
521,8
522,8
523,8
524,8
525,8
526,8
527,8
528,8
529,8
530,8
531,8
532,8
533,8
534,8
535,8
536,8
537,8
538,8
539,8
540,8
541,10
542,10
543,10
544,10
545,6
546,8
547,8
548,8
549,8
550,10
551,10
552,10
553,10
554,10
555,10
556,10
557,10
558,10
559,10
560,10
561,10
562,10
563,10
564,10
565,10
566,10
567,10
568,10
569,10
570,6
571,8
572,8
573,8
574,8
575,8
576,8
577,6
578,6
579,10
580,10
581,10
582,10
583,6
584,6
585,6
586,6
587,6
588,6
589,6
590,6
591,6
592,6
593,6
594,6
595,6
596,6
597,6
598,6
599,8
600,8
601,8
602,8
603,8
604,8
605,8
606,8
607,10
608,10
609,10
610,10
611,10
612,10
613,10
614,10
615,10
616,10
617,10
618,10
619,10
620,10
621,10
622,6
623,6
624,6
625,6
626,6
627,6
628,6
629,6
630,6
631,6
632,6
633,6
634,6
635,6
636,6
637,6
638,8
639,8
640,8
641,8
642,8
643,8
644,8
645,10
646,10
647,10
648,10
649,8
650,8
651,8
652,8
653,6
654,6
655,6
656,6
657,6
658,6
659,6
660,6
661,6
662,6
663,6
664,6
665,6
666,6
667,6
668,6
669,6
670,6
671,6
672,6
673,6
674,6
675,6
676,10
677,10
678,10
679,10
680,8
681,8
682,8
683,8
684,6
685,6
686,10
687,10
688,10
689,10
690,10
691,10
692,10
693,10
694,6
695,6
696,6
697,6
698,6
699,6
700,6
701,6
702,6
703,6
704,10
705,10
706,10
707,10
708,10
709,10
710,10
711,10
712,8
713,8
714,8
715,8
716,8
717,8
718,8
719,8
720,8
721,8
722,8
723,8
724,6
725,6
726,10
727,10
728,10
729,10
730,6
731,6
732,10
733,10
734,10
735,10
736,8
737,8
738,8
739,8
740,8
741,8
742,8
743,8
744,8
745,8
746,8
747,8
748,8
749,8
750,8
751,8
752,8
753,8
754,8
755,8
756,8
757,8
758,8
759,8
760,8
761,8
762,8
763,8
764,8
765,8
766,8
767,8
768,8
769,8
770,8
771,8
772,8
773,8
774,10
775,10
776,10
777,10
778,10
779,10
780,10
781,10
782,10
783,10
784,10
785,10
786,8
787,8
788,8
789,8
790,6
791,6
792,10
793,10
794,10
795,10
796,6
797,6
798,6
799,6
800,6
801,6
802,6
803,6
804,6
805,10
806,10
807,10
808,10
809,8
810,8
811,8
812,8
813,10
814,10
815,10
816,10
817,8
818,8
819,8
820,8
821,10
822,10
823,10
824,10
825,6
826,6
827,6
828,6
829,6
830,6
831,6
832,6
833,6
834,6
835,6
836,6
837,6
838,6
839,6
840,6
841,6
842,6
843,6
844,6
845,6
846,6
847,6
848,6
849,6
850,6
851,8
852,8
853,8
854,8
855,8
856,8
857,8
858,8
859,8
860,8
861,8
862,8
863,8
864,8
865,6
866,6
867,6
868,6
869,6
870,6
871,6
872,6
873,10
874,10
875,10
876,10
877,8
878,8
879,8
880,8
881,8
882,8
883,8
884,8
885,8
886,8
887,8
888,8
889,8
890,8
891,6
892,6
893,6
894,6
895,10
896,10
897,10
898,10
899,6
900,6
901,6
902,6
903,6
904,6
905,6
906,6
907,10
908,10
909,10
910,10
911,8
912,8
913,8
914,8
915,10
916,10
917,10
918,10
919,10
920,10
921,10
922,10
923,8
924,8
925,8
926,8
927,10
928,10
929,10
930,10
931,10
932,10
933,8
934,8
935,8
936,8
937,8
938,8
939,8
940,8
941,8
942,8
943,8
944,6
945,6
946,6
947,10
948,10
949,10
950,10
951,10
952,10
953,10
954,10
955,8
956,8
957,8
958,8
959,10
960,10
961,10
962,10
963,10
964,10
965,10
966,10
967,10
968,10
969,10
970,10
971,8
972,8
973,8
974,8
975,8
976,8
977,8
978,8
979,10
980,10
981,10
982,10
983,10
984,10
985,10
986,10
987,10
988,10
989,10
990,10
991,10
992,10
993,10
994,10
995,8
996,8
997,8
998,8
999,10
1000,10
1001,10
1002,10
1003,10
1004,10
1005,10
1006,10
1007,10
1008,10
1009,10
1010,10
1011,10
1012,10
1013,10
1014,8
1015,8
1016,8
1017,8
1018,8
1019,8
1020,6
1021,6
1022,8
1023,8
1024,8
1025,8
1026,8
1027,8
1028,8
1029,8
1030,8
1031,8
1032,8
1033,8
1034,8
1035,8
1036,8
1037,6
1038,6
1039,6
1040,6
1041,6
1042,6
1043,6
1044,6
1045,6
1046,6
1047,6
1048,6
1049,6
1050,6
1051,6
1052,6
1053,6
1054,6
1055,6
1056,6
1057,6
1058,6
1059,6
1060,6
1061,6
1062,6
1063,6
1064,6
1065,6
1066,6
1067,6
1068,6
1069,6
1070,6
1071,6
1072,8
1073,8
1074,8
1075,8
1076,8
1077,6
1078,6
1079,6
1080,6
1081,6
1082,6
1083,6
1084,10
1085,10
1086,10
1087,10
1088,6
1089,6
1090,10
1091,10
1092,10
1093,10
1094,10
1095,10
1096,10
1097,10
1098,10
1099,10
1100,10
1101,10
1102,6
1103,6
1104,6
1105,6
1106,6
1107,6
1108,6
1109,6
1110,6
1111,6
1112,6
1113,6
1114,6
1115,6
1116,6
1117,6
1118,6
1119,8
1120,8
1121,8
1122,8
1123,8
1124,8
1125,8
1126,8
1127,6
1128,10
1129,10
1130,10
1131,10
1132,6
1133,6
1134,10
1135,10
1136,10
1137,10
1138,10
1139,10
1140,10
1141,10
1142,10
1143,10
1144,10
1145,6
1146,6
1147,10
1148,10
1149,10
1150,10
1151,10
1152,10
1153,10
1154,6
1155,6
1156,6
1157,6
1158,10
1159,10
1160,10
1161,10
1162,10
1163,10
1164,10
1165,10
1166,10
1167,10
1168,10
1169,10
1170,10
1171,10
1172,10
1173,10
1174,8
1175,8
1176,8
1177,8
1178,8
1179,8
1180,8
1181,8
1182,10
1183,10
1184,10
1185,10
1186,8
1187,8
1188,8
1189,8
1190,8
1191,8
1192,8
1193,8
1194,8
1195,8
1196,8
1197,8
1198,10
1199,10
1200,10
1201,10
1202,10
1203,10
1204,10
1205,10
1206,10
1207,10
1208,10
1209,10
1210,10
1211,10
1212,8
1213,8
1214,8
1215,8
1216,10
1217,10
1218,10
1219,10
1220,10
1221,10
1222,10
1223,10
1224,10
1225,10
1226,10
1227,10
1228,10
1229,10
1230,10
1231,10
1232,6
1233,6
1234,8
1235,8
1236,8
1237,8
1238,8
1239,8
1240,8
1241,8
1242,8
1243,8
1244,8
1245,8
1246,8
1247,8
1248,8
1249,8
1250,8
1251,8
1252,8
1253,10
1254,10
1255,10
1256,10
1257,8
1258,8
1259,8
1260,8
1261,8
1262,8
1263,8
1264,8
1265,8
1266,8
1267,6
1268,6
1269,6
1270,6
1271,6
1272,6
1273,6
1274,6
1275,8
1276,8
1277,8
1278,8
1279,6
1280,6
1281,6
1282,6
1283,10
1284,10
1285,10
1286,10
1287,10
1288,10
1289,10
1290,10
1291,8
1292,8
1293,8
1294,8
1295,8
1296,8
1297,8
1298,8
1299,10
1300,10
1301,10
1302,10
1303,10
1304,10
1305,10
1306,10
1307,10
1308,10
1309,10
1310,8
1311,8
1312,8
1313,8
1314,8
1315,8
1316,8
1317,8
1318,10
1319,10
1320,10
1321,10
1322,10
1323,10
1324,10
1325,6
1326,6
1327,6
1328,6
1329,6
1330,6
1331,6
1332,6
1333,6
1334,6
1335,6
1336,8
1337,8
1338,8
1339,8
1340,8
1341,8
1342,8
1343,8
1344,10
1345,10
1346,10
1347,10
1348,10
1349,10
1350,10
1351,10
1352,6
1353,10
1354,10
1355,10
1356,10
1357,10
1358,8
1359,8
1360,8
1361,8
1362,8
1363,8
1364,8
1365,8
1366,10
1367,10
1368,10
1369,10
1370,10
1371,10
1372,10
1373,6
1374,6
1375,6
1376,6
1377,6
1378,6
1379,6
1380,6
1381,6
1382,6
1383,10
1384,10
1385,10
1386,10
1387,8
1388,8
1389,8
1390,8
1391,6
1392,6
1393,6
1394,6
1395,6
1396,6
1397,6
1398,6
1399,6
1400,6
1401,6
1402,6
1403,6
1404,6
1405,6
1406,6
1407,10
1408,10
1409,10
1410,10
1411,10
1412,10
1413,10
1414,10
1415,10
1416,10
1417,10
1418,10
1419,10
1420,10
1421,10
1422,10
1423,10
1424,10
1425,10
1426,10
1427,6
1428,6
1429,6
1430,6
1431,6
1432,6
1433,6
1434,6
1435,6
1436,6
1437,6
1438,6
1439,6
1440,6
1441,6
1442,6
1443,10
1444,10
1445,10
1446,10
1447,10
1448,10
1449,10
1450,10
1451,6
1452,6
1453,6
1454,6
1455,6
1456,6
1457,6
1458,6
1459,8
1460,8
1461,8
1462,8
1463,10
1464,10
1465,10
1466,10
1467,10
1468,10
1469,10
1470,10
1471,10
1472,10
1473,10
1474,10
1475,8
1476,8
1477,8
1478,8
1479,10
1480,10
1481,10
1482,10
1483,10
1484,6
1485,6
1486,6
1487,6
1488,6
1489,6
1490,6
1491,6
1492,6
1493,6
1494,6
1495,6
1496,6
1497,6
1498,6
1499,6
1500,6
1501,6
1502,8
1503,8
1504,8
1505,8
1506,8
1507,8
1508,8
1509,8
1510,8
1511,8
1512,8
1513,8
1514,10
1515,10
1516,10
1517,10
1518,8
1519,8
1520,8
1521,8
1522,8
1523,8
1524,8
1525,8
1526,10
1527,10
1528,10
1529,10
1530,10
1531,10
1532,10
1533,10
1534,8
1535,8
1536,8
1537,8
1538,10
1539,10
1540,10
1541,10
1542,8
1543,8
1544,8
1545,8
1546,6
1547,6
1548,10
1549,10
1550,10
1551,10
1552,10
1553,10
1554,10
1555,10
1556,10
1557,10
1558,10
1559,10
1560,10
1561,10
1562,10
1563,10
1564,10
1565,10
1566,10
1567,10
1568,10
1569,10
1570,10
1571,10
1572,10
1573,10
1574,10
1575,10
1576,10
1577,10
1578,6
1579,6
1580,6
1581,6
1582,6
1583,6
1584,6
1585,6
1586,6
1587,6
1588,6
1589,6
1590,8
1591,8
1592,8
1593,8
1594,10
1595,10
1596,10
1597,10
1598,10
1599,10
1600,10
1601,10
1602,8
1603,8
1604,8
1605,8
1606,10
1607,10
1608,10
1609,10
1610,10
1611,10
1612,10
1613,10
1614,10
1615,10
1616,10
1617,10
1618,10
1619,10
1620,10
1621,10
1622,10
1623,10
1624,6
1625,6
1626,8
1627,8
1628,8
1629,8
1630,8
1631,8
1632,8
1633,10
1634,10
1635,10
1636,10
1637,10
1638,10
1639,10
1640,10
1641,10
1642,10
1643,10
1644,10
1645,6
1646,6
1647,6
1648,6
1649,6
1650,6
1651,6
1652,6
1653,6
1654,6
1655,6
1656,6
1657,6
1658,6
1659,6
1660,6
1661,6
1662,6
1663,6
1664,6
1665,10
1666,10
1667,10
1668,6
1669,10
1670,10
1671,10
1672,10
1673,10
1674,10
1675,10
1676,10
1677,10
1678,10
1679,10
1680,6
1681,6
1682,6
1683,10
1684,10
1685,10
1686,10
1687,6
1688,6
1689,6
1690,6
1691,6
1692,6
1693,6
1694,6
1695,6
1696,6
1697,6
1698,6
1699,6
1700,8
1701,8
1702,8
1703,8
1704,8
1705,8
1706,8
1707,8
1708,10
1709,10
1710,10
1711,10
1712,10
1713,10
1714,10
1715,10
1716,8
1717,8
1718,8
1719,8
1720,8
1721,8
1722,8
1723,8
1724,6
1725,6
1726,6
1727,6
1728,10
1729,10
1730,10
1731,10
1732,10
1733,10
1734,10
1735,10
1736,10
1737,10
1738,10
1739,10
1740,10
1741,10
1742,10
1743,10
1744,10
1745,10
1746,10
1747,10
1748,10
1749,10
1750,10
1751,10
1752,10
1753,10
1754,10
1755,10