d = 4

rotated, (31 each) [[16,1,4]]
0.0009749906381966876
0.0018925606173508852
0.0028415737457666004
0.003821533447282232
0.004748935976252471
0.005683977372666963
0.006482923652897769
0.007465529062238135
0.008319757970677216
0.009514153959060766


d = 5

rotated, (49 each) [[25,1,5]]
0.0001153
0.0002329
0.0003738
0.0004861
0.0006101471224393918
0.0007305381834939684
0.0008300894913789656
0.0009644065911629814
0.0010855207980555019
0.0012178707429937115



d = 6

rotated,  (71 each) [[36,1,6]]
5.37e-05
0.0001097
0.0001553
0.0002055
0.0002641
0.0003168
0.0003751
0.000448
0.0004849
0.0005290595643646124



d = 7
rotated,  (97 each) [[49,1,7]]
6.959788071669859e-05
0.00014479082725227244
0.00022157851706994247
0.00029516187773359626
0.000347147264897818
0.0004647054939016515
0.0005310765655131
0.0006254288000574482
0.0007213722319724392
0.0007813327840976436
