r,4
s,5
n,180
m1,90
m2,72
0,1,2,3,
2,4,5,6,
0,7,9,11,
5,8,10,12,
1,13,16,18,
9,14,17,19,
7,10,15,20,
3,21,25,28,
4,22,26,29,
16,23,27,30,
13,17,24,31,
6,32,37,40,
8,33,38,41,
22,25,34,42,
26,35,39,43,
21,27,36,44,
11,45,53,59,
12,46,54,60,
14,47,55,61,
15,48,56,62,
33,37,49,63,
20,50,57,64,
38,51,58,65,
32,39,52,66,
18,40,67,77,
19,62,68,78,
23,69,79,84,
24,70,80,85,
47,53,71,86,
48,54,72,87,
31,73,81,88,
35,55,82,89,
56,74,83,90,
45,57,75,91,
46,58,76,92,
28,59,93,105,
29,60,94,106,
30,85,95,107,
34,96,108,113,
36,97,109,114,
69,77,98,115,
70,78,99,116,
44,51,110,117,
42,100,111,114,
50,79,83,104,
80,101,112,118,
67,81,102,119,
68,82,103,120,
41,64,121,133,
43,113,122,134,
49,119,128,135,
52,123,136,138,
96,105,124,139,
89,106,125,140,
97,107,126,141,
66,74,98,120,
63,127,137,138,
73,108,112,132,
65,109,128,142,
93,110,129,143,
94,111,130,144,
95,104,131,145,
61,88,122,146,
71,92,125,143,
72,144,152,155,
75,147,156,158,
76,148,150,159,
84,117,133,160,
123,134,149,161,
91,101,124,145,
86,150,157,158,
87,99,151,159,
100,132,135,154,
90,136,152,162,
121,137,147,153,
102,163,165,171,
103,164,166,172,
142,148,165,167,
115,166,170,171,
116,126,167,172,
127,154,155,169,
118,151,156,169,
146,157,163,168,
129,173,174,179,
130,141,175,177,
131,162,175,176,
140,164,174,177,
139,149,176,179,
160,170,173,178,
153,161,168,178,
0,2,5,7,10,
0,1,9,13,17,
1,3,16,21,27,
2,3,4,22,25,
4,6,26,32,39,
5,6,8,33,37,
7,11,20,45,57,
8,12,38,46,58,
9,11,14,47,53,
10,12,15,48,54,
13,18,31,67,81,
14,19,55,68,82,
15,20,50,56,83,
16,18,23,69,77,
17,19,24,70,78,
21,28,44,93,110,
22,29,42,94,111,
23,30,79,95,104,
24,31,73,80,112,
25,28,34,96,105,
26,29,35,89,106,
27,30,36,97,107,
32,40,66,77,98,
33,41,63,121,137,
34,42,100,108,132,
35,43,55,61,122,
36,44,51,65,109,
37,40,49,67,119,
38,41,51,117,133,
39,43,52,123,134,
45,59,91,105,124,
46,60,92,106,125,
47,61,86,146,157,
48,62,78,87,99,
49,63,127,135,154,
50,64,79,84,133,
52,66,74,90,136,
53,59,71,93,143,
54,60,72,94,144,
56,62,68,74,120,
57,64,75,121,147,
58,65,76,142,148,
69,84,115,160,170,
70,85,107,116,126,
71,76,86,92,150,
72,87,151,155,169,
73,88,108,113,122,
75,91,101,118,156,
80,85,95,101,145,
81,88,102,146,163,
82,89,103,140,164,
83,90,104,131,162,
96,113,134,139,149,
97,111,114,130,141,
98,103,115,120,166,
99,116,148,159,167,
100,109,114,128,135,
102,119,128,142,165,
110,117,129,160,173,
112,118,132,154,169,
123,137,138,153,161,
124,131,139,145,176,
125,129,140,143,174,
126,141,164,172,177,
127,136,138,152,155,
130,144,152,162,175,
147,153,157,158,168,
149,161,173,178,179,
150,151,156,158,159,
163,168,170,171,178,
165,166,167,171,172,
174,175,176,177,179,
