r,4
s,5
n,60
m1,30
m2,24
0,1,2,3,
2,4,5,6,
0,7,9,11,
5,8,10,12,
1,13,16,18,
9,14,17,19,
7,10,15,20,
3,21,25,28,
4,22,26,29,
16,23,27,30,
13,17,24,31,
6,32,36,39,
8,33,37,40,
22,25,34,41,
14,26,38,42,
21,27,35,37,
11,43,47,51,
12,44,48,52,
15,45,49,53,
24,33,36,46,
20,23,50,54,
30,32,38,49,
18,52,56,57,
19,40,55,58,
35,42,44,47,
31,34,45,48,
41,43,46,50,
28,53,58,59,
29,54,55,56,
39,51,57,59,
0,2,5,7,10,
0,1,9,13,17,
1,3,16,21,27,
2,3,4,22,25,
4,6,26,32,38,
5,6,8,33,36,
7,11,20,43,50,
8,12,35,37,44,
9,11,14,42,47,
10,12,15,45,48,
13,18,31,48,52,
14,19,26,29,55,
15,20,23,30,49,
16,18,23,54,56,
17,19,24,33,40,
21,28,37,40,58,
22,29,41,50,54,
24,31,34,41,46,
25,28,34,45,53,
27,30,35,38,42,
32,39,49,53,59,
36,39,43,46,51,
44,47,51,52,57,
55,56,57,58,59,
