r,4
s,5
n,360
m1,180
m2,144
0,1,2,3,
2,4,5,6,
0,7,9,11,
5,8,10,12,
1,13,16,18,
9,14,17,19,
7,10,15,20,
3,21,25,28,
4,22,26,29,
16,23,27,30,
13,17,24,31,
6,32,37,40,
8,33,38,41,
22,25,34,42,
26,35,39,43,
21,27,36,44,
11,45,53,59,
12,46,54,60,
14,47,55,61,
15,48,56,62,
33,37,49,63,
20,50,57,64,
38,51,58,65,
32,39,52,66,
18,67,77,84,
19,68,78,85,
23,69,79,86,
24,70,80,87,
47,53,71,88,
48,54,72,89,
31,73,81,90,
35,55,82,91,
56,74,83,92,
45,57,75,93,
46,58,76,94,
28,95,107,115,
29,96,108,116,
30,97,109,117,
34,98,110,118,
36,99,111,119,
69,77,100,120,
70,78,101,121,
44,51,112,122,
42,102,113,123,
50,79,83,106,
80,103,114,124,
67,81,104,125,
68,82,105,126,
40,127,141,148,
41,128,142,149,
43,129,143,150,
49,130,144,151,
52,131,145,152,
98,107,132,153,
91,108,133,154,
99,109,134,155,
66,74,146,156,
63,135,147,157,
73,110,114,140,
65,111,136,158,
95,112,137,159,
96,113,138,160,
97,106,139,161,
59,162,180,190,
60,163,181,191,
61,129,164,192,
62,165,182,193,
64,166,183,194,
71,94,167,187,
72,168,184,195,
75,169,185,196,
76,170,174,197,
130,141,171,198,
122,142,172,199,
131,143,173,200,
93,103,186,201,
88,174,188,202,
89,175,189,203,
102,140,144,179,
92,145,176,204,
127,146,177,205,
128,147,178,206,
84,207,228,236,
85,208,229,237,
86,166,209,238,
87,210,230,239,
90,211,231,240,
100,126,212,233,
101,197,213,241,
104,214,220,242,
105,215,221,243,
167,180,216,244,
168,181,217,245,
156,182,218,246,
169,183,219,247,
158,170,220,222,
125,136,232,248,
120,221,234,249,
121,222,235,250,
135,179,184,227,
124,175,185,227,
162,186,223,251,
163,187,224,252,
164,188,225,253,
165,189,226,254,
115,255,274,282,
116,256,275,283,
117,254,257,284,
118,211,258,285,
119,217,276,286,
123,259,277,287,
132,161,260,280,
133,159,261,278,
134,226,243,288,
137,262,267,289,
138,263,268,290,
139,204,268,269,
212,228,264,291,
213,229,256,279,
201,230,265,292,
214,231,266,293,
154,215,267,270,
160,176,279,294,
153,269,281,295,
155,245,270,296,
207,232,271,297,
208,233,272,298,
209,234,273,299,
210,235,263,277,
148,300,315,323,
149,301,316,324,
150,251,302,325,
151,259,303,326,
152,219,271,317,
157,291,304,318,
171,192,305,321,
172,205,306,319,
173,223,289,327,
177,242,307,311,
178,225,273,308,
260,274,301,320,
261,275,309,328,
248,276,310,329,
199,262,311,312,
202,206,320,330,
198,249,253,322,
200,247,293,312,
255,278,313,331,
257,280,314,332,
258,281,308,318,
190,333,343,349,
191,334,344,350,
193,335,345,351,
194,297,336,352,
195,272,304,337,
196,266,313,338,
203,328,338,346,
216,238,339,348,
218,252,340,347,
224,290,341,342,
284,305,315,335,
265,298,306,316,
294,317,329,353,
246,250,307,342,
244,295,299,341,
239,300,319,354,
302,310,321,332,
288,303,322,346,
236,350,355,357,
237,324,356,358,
240,331,340,345,
241,314,330,353,
264,285,334,347,
287,339,343,354,
286,325,333,344,
292,296,327,337,
309,326,336,348,
282,351,358,359,
283,352,355,356,
323,349,357,359,
0,2,5,7,10,
0,1,9,13,17,
1,3,16,21,27,
2,3,4,22,25,
4,6,26,32,39,
5,6,8,33,37,
7,11,20,45,57,
8,12,38,46,58,
9,11,14,47,53,
10,12,15,48,54,
13,18,31,67,81,
14,19,55,68,82,
15,20,50,56,83,
16,18,23,69,77,
17,19,24,70,78,
21,28,44,95,112,
22,29,42,96,113,
23,30,79,97,106,
24,31,73,80,114,
25,28,34,98,107,
26,29,35,91,108,
27,30,36,99,109,
32,40,66,127,146,
33,41,63,128,147,
34,42,102,110,140,
35,43,55,61,129,
36,44,51,65,111,
37,40,49,130,141,
38,41,51,122,142,
39,43,52,131,143,
45,59,93,162,186,
46,60,94,163,187,
47,61,88,164,188,
48,62,89,165,189,
49,63,135,144,179,
50,64,79,86,166,
52,66,74,92,145,
53,59,71,167,180,
54,60,72,168,181,
56,62,74,156,182,
57,64,75,169,183,
58,65,76,158,170,
67,84,125,207,232,
68,85,126,208,233,
69,86,120,209,234,
70,87,121,210,235,
71,76,88,94,174,
72,89,175,184,227,
73,90,110,118,211,
75,93,103,124,185,
77,84,100,212,228,
78,85,101,213,229,
80,87,103,201,230,
81,90,104,214,231,
82,91,105,154,215,
83,92,106,139,204,
95,115,159,255,278,
96,116,160,256,279,
97,117,161,257,280,
98,118,153,258,281,
99,119,155,217,245,
100,105,120,126,221,
101,121,170,197,222,
102,123,144,151,259,
104,125,136,158,220,
107,115,132,260,274,
108,116,133,261,275,
109,117,134,226,254,
111,119,136,248,276,
112,122,137,199,262,
113,123,138,263,277,
114,124,140,179,227,
127,148,205,300,319,
128,149,206,301,320,
129,150,192,302,321,
130,151,198,303,322,
131,152,200,219,247,
132,139,153,161,269,
133,137,154,159,267,
134,155,215,243,270,
135,157,184,195,304,
138,160,176,204,268,
141,148,171,305,315,
142,149,172,306,316,
143,150,173,223,251,
145,152,176,294,317,
146,156,177,246,307,
147,157,178,308,318,
162,190,251,325,333,
163,191,252,334,347,
164,171,192,198,253,
165,193,254,284,335,
166,194,238,336,348,
167,187,224,244,341,
168,195,245,296,337,
169,196,247,266,293,
172,177,199,205,311,
173,200,262,289,312,
174,197,202,241,330,
175,185,196,203,338,
178,188,202,206,225,
180,190,216,339,343,
181,191,217,286,344,
182,193,218,340,345,
183,194,219,271,297,
186,201,223,292,327,
189,203,226,288,346,
207,236,297,352,355,
208,237,298,316,324,
209,216,238,244,299,
210,239,277,287,354,
211,240,285,340,347,
212,233,272,291,304,
213,241,279,294,353,
214,242,293,311,312,
218,224,246,252,342,
220,222,242,250,307,
221,243,249,288,322,
225,234,249,253,273,
228,236,264,334,350,
229,237,256,283,356,
230,239,265,306,319,
231,240,266,313,331,
232,248,271,317,329,
235,250,263,290,342,
255,282,331,345,351,
257,284,305,321,332,
258,264,285,291,318,
259,287,326,339,348,
260,280,314,320,330,
261,278,313,328,338,
265,272,292,298,337,
267,270,289,296,327,
268,269,290,295,341,
273,281,295,299,308,
274,282,301,324,358,
275,283,309,336,352,
276,286,302,310,325,
300,323,343,349,354,
303,309,326,328,346,
310,314,329,332,353,
315,323,335,351,359,
333,344,349,350,357,
355,356,357,358,359,
