r,5
s,4
n,180
m1,72
m2,90
0,1,2,3,6,
2,4,5,7,11,
0,8,10,12,17,
5,8,9,13,18,
1,14,16,19,27,
10,14,15,20,28,
3,21,25,29,40,
4,22,26,30,41,
16,21,23,31,42,
6,22,24,32,43,
7,33,38,44,59,
9,34,39,45,60,
24,25,35,46,61,
26,33,36,47,62,
11,34,37,48,63,
12,49,56,64,81,
13,50,57,65,82,
15,51,58,66,83,
37,38,52,67,84,
18,49,53,68,85,
39,50,54,69,86,
17,51,55,70,87,
19,63,71,78,110,
20,72,79,88,111,
23,73,80,89,112,
55,56,74,90,113,
53,57,75,80,91,
28,45,71,76,92,
36,58,72,93,114,
27,73,77,94,115,
29,87,95,105,135,
30,85,96,106,136,
31,91,107,116,137,
32,97,108,115,138,
35,62,98,109,129,
77,78,99,117,139,
76,79,100,109,118,
42,66,95,101,119,
43,64,96,102,120,
54,61,89,97,121,
40,44,98,103,122,
41,93,104,123,140,
46,69,118,141,156,
47,83,132,142,159,
48,124,133,140,160,
52,86,125,134,152,
103,105,126,143,161,
101,104,106,107,127,
102,108,128,134,144,
74,84,114,124,145,
59,65,125,130,146,
60,121,131,147,162,
67,90,117,143,144,
68,112,155,162,172,
70,82,148,154,157,
75,99,113,148,158,
122,130,137,149,173,
92,129,131,132,150,
110,116,133,151,158,
81,88,145,153,163,
94,111,164,169,170,
100,126,139,164,171,
120,152,153,156,167,
146,154,159,165,177,
119,136,142,155,166,
135,141,157,168,171,
123,138,170,174,176,
127,128,149,161,174,
163,169,172,175,179,
147,160,176,178,179,
150,151,165,173,178,
166,167,168,175,177,
0,2,5,8,
0,1,10,14,
1,3,16,21,
2,4,6,22,
3,6,24,25,
4,7,26,33,
5,9,11,34,
7,11,37,38,
8,12,18,49,
9,13,39,50,
10,15,17,51,
12,17,55,56,
13,18,53,57,
14,19,28,71,
15,20,58,72,
16,23,27,73,
19,27,77,78,
20,28,76,79,
21,29,42,95,
22,30,43,96,
23,31,80,91,
24,32,61,97,
25,35,40,98,
26,36,41,93,
29,40,103,105,
30,41,104,106,
31,42,101,107,
32,43,102,108,
33,44,62,98,
34,45,63,71,
35,46,109,118,
36,47,58,83,
37,48,84,124,
38,52,59,125,
39,54,60,121,
44,59,122,130,
45,60,92,131,
46,54,61,69,
47,62,129,132,
48,63,110,133,
49,64,85,96,
50,65,86,125,
51,66,87,95,
52,67,134,144,
53,68,80,112,
55,70,113,148,
56,74,81,145,
57,75,82,148,
64,81,120,153,
65,82,146,154,
66,83,119,142,
67,74,84,90,
68,85,136,155,
69,86,152,156,
70,87,135,157,
72,88,114,145,
73,89,97,115,
75,91,116,158,
76,92,109,129,
77,94,139,164,
78,99,110,158,
79,100,111,164,
88,111,163,169,
89,112,121,162,
90,99,113,117,
93,114,124,140,
94,115,138,170,
100,118,141,171,
101,106,119,136,
102,120,134,152,
103,122,149,161,
104,123,127,174,
105,126,135,171,
107,127,137,149,
108,128,138,174,
116,137,151,173,
117,126,139,143,
123,140,160,176,
128,143,144,161,
130,146,165,173,
131,147,150,178,
132,150,159,165,
133,151,160,178,
141,156,167,168,
142,159,166,177,
147,162,172,179,
153,163,167,175,
154,157,168,177,
155,166,172,175,
169,170,176,179,
