1111000000000000000000000000000000000000000000000000000000000000000000000000000000000000000000000000000000000000000000000000000000000000000000000000000000000000
0010111000000000000000000000000000000000000000000000000000000000000000000000000000000000000000000000000000000000000000000000000000000000000000000000000000000000
1000000101010000000000000000000000000000000000000000000000000000000000000000000000000000000000000000000000000000000000000000000000000000000000000000000000000000
0000010010101000000000000000000000000000000000000000000000000000000000000000000000000000000000000000000000000000000000000000000000000000000000000000000000000000
0100000000000100101000000000000000000000000000000000000000000000000000000000000000000000000000000000000000000000000000000000000000000000000000000000000000000000
0000000001000010010100000000000000000000000000000000000000000000000000000000000000000000000000000000000000000000000000000000000000000000000000000000000000000000
0000000100100001000010000000000000000000000000000000000000000000000000000000000000000000000000000000000000000000000000000000000000000000000000000000000000000000
0001000000000000000001000100100000000000000000000000000000000000000000000000000000000000000000000000000000000000000000000000000000000000000000000000000000000000
0000100000000000000000100010010000000000000000000000000000000000000000000000000000000000000000000000000000000000000000000000000000000000000000000000000000000000
0000000000000000100000010001001000000000000000000000000000000000000000000000000000000000000000000000000000000000000000000000000000000000000000000000000000000000
0000000000000100010000001000000100000000000000000000000000000000000000000000000000000000000000000000000000000000000000000000000000000000000000000000000000000000
0000001000000000000000000000000010000100100000000000000000000000000000000000000000000000000000000000000000000000000000000000000000000000000000000000000000000000
0000000010000000000000000000000001000010010000000000000000000000000000000000000000000000000000000000000000000000000000000000000000000000000000000000000000000000
0000000000000000000000100100000000100000001000000000000000000000000000000000000000000000000000000000000000000000000000000000000000000000000000000000000000000000
0000000000000000000000000010000000010001000100000000000000000000000000000000000000000000000000000000000000000000000000000000000000000000000000000000000000000000
0000000000000000000001000001000000001000000010000000000000000000000000000000000000000000000000000000000000000000000000000000000000000000000000000000000000000000
0000000000010000000000000000000000000000000001000000010000010000000000000000000000000000000000000000000000000000000000000000000000000000000000000000000000000000
0000000000001000000000000000000000000000000000100000001000001000000000000000000000000000000000000000000000000000000000000000000000000000000000000000000000000000
0000000000000010000000000000000000000000000000010000000100000100000000000000000000000000000000000000000000000000000000000000000000000000000000000000000000000000
0000000000000001000000000000000000000000000000001000000010000010000000000000000000000000000000000000000000000000000000000000000000000000000000000000000000000000
0000000000000000000000000000000001000100000000000100000000000001000000000000000000000000000000000000000000000000000000000000000000000000000000000000000000000000
0000000000000000000010000000000000000000000000000010000001000000100000000000000000000000000000000000000000000000000000000000000000000000000000000000000000000000
0000000000000000000000000000000000000010000000000001000000100000010000000000000000000000000000000000000000000000000000000000000000000000000000000000000000000000
0000000000000000000000000000000010000001000000000000100000000000001000000000000000000000000000000000000000000000000000000000000000000000000000000000000000000000
0000000000000000001000000000000000000000000000000000000000000000000100000000010000010000000000000000000000000000000000000000000000000000000000000000000000000000
0000000000000000000100000000000000000000000000000000000000000000000010000000001000001000000000000000000000000000000000000000000000000000000000000000000000000000
0000000000000000000000010000000000000000000000000000000000000000000001000000000100000100000000000000000000000000000000000000000000000000000000000000000000000000
0000000000000000000000001000000000000000000000000000000000000000000000100000100000000010000000000000000000000000000000000000000000000000000000000000000000000000
0000000000000000000000000000000000000000000000010000010000000000000000010000000000000001000000000000000000000000000000000000000000000000000000000000000000000000
0000000000000000000000000000000000000000000000001000001000000000000000001000000000000000100000000000000000000000000000000000000000000000000000000000000000000000
0000000000000000000000000000000100000000000000000000000000000000010000000000000010000000010000000000000000000000000000000000000000000000000000000000000000000000
0000000000000000000000000000000000000000000000000000000100000000000000000100000001000000001000000000000000000000000000000000000000000000000000000000000000000000
0000000000000000000000000000000000000000000000000000000010000000000000000010000000100000000100000000000000000000000000000000000000000000000000000000000000000000
0000000000000000000000000000000000000000000001000000000001000000000000000001000000000000000010000000000000000000000000000000000000000000000000000000000000000000
0000000000000000000000000000000000000000000000100000000000100000000000000000100000000000000001000000000000000000000000000000000000000000000000000000000000000000
0000000000000000000000000000100000000000000000000000000000000000000000000000000000000000000000100000000010001000000000000000000000000000000000000000000000000000
0000000000000000000000000000010000000000000000000000000000000000000000000000000000000000000000010000000001000100000000000000000000000000000000000000000000000000
0000000000000000000000000000001000000000000000000000000000000000000000000000000000000000100000001000000000000010000000000000000000000000000000000000000000000000
0000000000000000000000000000000000100000000000000000000000000000000000000000000000000000000000000100000100000001000000000000000000000000000000000000000000000000
0000000000000000000000000000000000010000000000000000000000000000000000000000000100000000000000000010100000000000000000000000000000000000000000000000000000000000
0000000000000000000000000000000000001000000000000000000000000000000000001000000000000000000000000000001000000000100000000000000000000000000000000000000000000000
0000000000000000000000000000000000000000000000000000000000000000000001000000010000000000000000000001000000000000010000000000000000000000000000000000000000000000
0000000000000000000000000000000000000000000000000000000000000000000000100000001000000000000000010000000000010000000000000000000000000000000000000000000000000000
0000000000000000000000000000000000000000000010000000000000000000000000000000000000000000001000000000000000100000001000000000000000000000000000000000000000000000
0000000000000000000000000000000000000000001000000000000000000000000000000000000000000000000100000000000000010000000100000000000000000000000000000000000000000000
0000000000000000000000000000000000000000000000000000000000000000000100000000000010000000000000000000010000000000000010000000000000000000000000000000000000000000
0000000000000000000000000000000000000000000000000000000000000000000010000000000001000000000000000000001000000000000001000000000000000000000000000000000000000000
0000000000000000000000000000000000000000000000000010000000000000000000000000000000100000000000000000000100000000000000100000000000000000000000000000000000000000
0000000000000000000000000000000000000000100000000000000000000000000000000000000000000000000000000000000000000000000000010000000100010000000000000000000000000000
0000000000000000000000000000000000000000010000000000000000000000000000000000000000000000000000000000000000000000000000001000000010001000000000000000000000000000
0000000000000000000000000000000000000000000100000000000000000000000000000000000000000000000010000000000000000000000000000100000000000100000000000000000000000000
0000000000000000000000000000000000000000000000000100000000000100000000000000000000000000000000000000000000000000000000000010000000000010000000000000000000000000
0000000000000000000000000000000000000000000000000001000000000000000000000000000000000000000000000000100000000000000000000001010000000000000000000000000000000000
0000000000000000000000000000000000000000000000000000100000000000000000000001000000000000000000000000010000000000000000000000001000000000000000000000000000000000
0000000000000000000000000000000000000000000000000000000000000000000000000000000000000000000000000100000010000000000000001000000000100000000000000000000000000000
0000000000000000000000000000000000000000000000000000000000000000000000000000000000000000000000001010000001000000000000000000100000000000000000000000000000000000
0000000000000000000000000000000000000000000000000000000000000000001000000000000000000000000000000000000000000000001000000000000001000001000000000000000000000000
0000000000000000000000000000000000000000000000000000000000000001000000000000000000000001000000000000000000000000010000000000000000100000000000000000000000000000
0000000000000000000000000000000000000000000000000000000000000000000000000000000000000000000000100000000000100000000000000000001000000000100000000000000000000000
0000000000000000000000000000000000000000000000000000000000010000000000000000000000000000000000000000000000000000000000000000000000000000010000000010001000000000
0000000000000000000000000000000000000000000000000000000000001000000000000000000000000000000000000000000000000000000000000000000000000000001000000001000100000000
0000000000000000000000000000000000000000000000000000000000000010000000000000000000000000000000000000000000000000000000000000000000000000000100000000100010000000
0000000000000000000000000000000000000000000000000000000000000000100000000000000000000000000000000000000000000000000010000000000000000000000010000000000001000000
0000000000000000000000000000000000000000000000000000000000000000000000010000000000000100000000000000000000000000000000000000000000000000000001000100000000000000
0000000000000000000000000000000000000000000000000000000000000000000000000100000000000000000000000000000000000000000000100000000000000000000000101000000000000000
0000000000000000000000000000000000000000000000000000000000000000000000000010000000000000000000000000000000000000000000000000010000000000000000010100000000000000
0000000000000000000000000000000000000000000000000000000000000000000000000000000000000000000000000000000000000010000000000010000100000000000100000000000000000000
0000000000000000000000000000000000000000000000000000000000000000000000000000000000000000000000000000000000000000000001000101000010000000000000000000000000000000
0000000000000000000000000000000000000000000000000000000000000000000000000000000000000000000001000000000000000000000000000000000000000001000000001000010000000000
0000000000000000000000000000000000000000000000000000000000000000000000000000000000000010000000000000000000000000000000010000000001000000000000000000000000100000
0000000000000000000000000000000000000000000000000000000000000000000000000000000000010000000000000000000000000000000000000000000000000000000000000000000100010100
0000000000000000000000000000000000000000000000000000000000000000000000000000000000001000000000000000000000000000000000000000000000001000000000000000000000001010
0000000000000000000000000000000000000000000000000000000000000000000000000000000000000000010000000000000000000000000000000000000000000000100000010000100000000000
0000000000000000000000000000000000000000000000000000000000000000000000000000000000000000000000000001000000000001000000000000000000000000001000000000010000000000
0000000000000000000000000000000000000000000000000000000000000000000000000000000000000000000000000000000000000000000100000000000000000000000001000010000000100000
0000000000000000000000000000000000000000000000000000000000000000000000000000000000000000000000000000000000000000100000000000000000000100010000000001000000000000
0000000000000000000000000000000000000000000000000000000000000000000000000000000000000000000000000000000000000000000000000000100000000010000010100000000000000000
0000000000000000000000000000000000000000000000000000000000000000000000000000000000000000000000000000000000001000000000000000000000000000000000000000000010000011
0000000000000000000000000000000000000000000000000000000000000000000000000000000000000000000000000000000000000100000000000000000000000000000000000000000001011000
0000000000000000000000000000000000000000000000000000000000000000000000000000000000000000000000000000000000000000000000000000000000010000000000000000001000000101
1010010100100000000000000000000000000000000000000000000000000000000000000000000000000000000000000000000000000000000000000000000000000000000000000000000000000000
1100000001000100010000000000000000000000000000000000000000000000000000000000000000000000000000000000000000000000000000000000000000000000000000000000000000000000
0101000000000000100001000001000000000000000000000000000000000000000000000000000000000000000000000000000000000000000000000000000000000000000000000000000000000000
0011100000000000000000100100000000000000000000000000000000000000000000000000000000000000000000000000000000000000000000000000000000000000000000000000000000000000
0000101000000000000000000010000010000001000000000000000000000000000000000000000000000000000000000000000000000000000000000000000000000000000000000000000000000000
0000011010000000000000000000000001000100000000000000000000000000000000000000000000000000000000000000000000000000000000000000000000000000000000000000000000000000
0000000100010000000010000000000000000000000001000000000001000000000000000000000000000000000000000000000000000000000000000000000000000000000000000000000000000000
0000000010001000000000000000000000000010000000100000000000100000000000000000000000000000000000000000000000000000000000000000000000000000000000000000000000000000
0000000001010010000000000000000000000000000000010000010000000000000000000000000000000000000000000000000000000000000000000000000000000000000000000000000000000000
0000000000101001000000000000000000000000000000001000001000000000000000000000000000000000000000000000000000000000000000000000000000000000000000000000000000000000
0000000000000100001000000000000100000000000000000000000000000000000100000000000010000000000000000000000000000000000000000000000000000000000000000000000000000000
0000000000000010000100000000000000000000000000000000000100000000000010000000000001000000000000000000000000000000000000000000000000000000000000000000000000000000
0000000000000001000010000000000000000000000000000010000010000000000000000000000000100000000000000000000000000000000000000000000000000000000000000000000000000000
0000000000000000101000010000000000000000000000000000000000000000000001000000010000000000000000000000000000000000000000000000000000000000000000000000000000000000
0000000000000000010100001000000000000000000000000000000000000000000000100000001000000000000000000000000000000000000000000000000000000000000000000000000000000000
0000000000000000000001000000100000000000000010000000000000000000000000000000000000000000000000100000000000100000000000000000000000000000000000000000000000000000
0000000000000000000000100000010000000000001000000000000000000000000000000000000000000000000000010000000000010000000000000000000000000000000000000000000000000000
0000000000000000000000010000001000000000000000000000000000000000000000000000000100000000000000001010000000000000000000000000000000000000000000000000000000000000
0000000000000000000000001000000100000000000000000000000000100000010000000000100000000000000000000000000000000000000000000000000000000000000000000000000000000000
0000000000000000000000000100100000100000000000000000000000000000000000000000000000000000000000000100000010000000000000000000000000000000000000000000000000000000
0000000000000000000000000010010000010000000000000000000000000000000000000000000000000000000000000010000001000000000000000000000000000000000000000000000000000000
0000000000000000000000000001001000001000000000000000000000000000000000001000000000000000100000000000000000000000000000000000000000000000000000000000000000000000
0000000000000000000000000000000010000000100000000000000000000000001000000000000000000000000000000000000000000000000000010000000001000000000000000000000000000000
0000000000000000000000000000000001000000010000000000000000000001000000000000000000000000000000000000000000000000000000001000000000100000000000000000000000000000
0000000000000000000000000000000000100000001000000000000000000000000000000000000000100000000100000000000100000000000000000000000000000000000000000000000000000000
0000000000000000000000000000000000010000000100000000000000000000000000000000000000000000000000000000100000000000000000000101000000000000000000000000000000000000
0000000000000000000000000000000000001000000010000000000000000000000000000000000001000000001000000000001000000000000000000000000000000000000000000000000000000000
0000000000000000000000000000000000000100100000000100000000000000000000000000000000000000000000000000000000000000000000000010000100000000000000000000000000000000
0000000000000000000000000000000000000010010000000001000000000000000000000000000000000000000000000000000000000000000000000001000010000000000000000000000000000000
0000000000000000000000000000000000000001000100000000100000000000000000000001000000000000000010000000000000000000000000000000000000000000000000000000000000000000
0000000000000000000000000000000000000000000001000000000000010000000000000000000000000000000010000000000000000000000000000000000000000100010000000000000000000000
0000000000000000000000000000000000000000000000100000000000001000000000000000000000000000000001000000000000000000000000000000000000000000001000000000010000000000
0000000000000000000000000000000000000000000000010100000000000101000000000000000000000001000000000000000000000000000000000000000000000000000000000000000000000000
0000000000000000000000000000000000000000000000001000000000000010000000000000000000000000100000000000000000000010000000000000000000000000000100000000000000000000
0000000000000000000000000000000000000000000000000010000000000000100000000000000000000000000000000000000000000000000000100000000000000000000010100000000000000000
0000000000000000000000000000000000000000000000000001000000000000010000000000000000000000010000000000000000000000000000000000010000000000000000010000000000000000
0000000000000000000000000000000000000000000000000000100000000000001000000000000000000000000000000000000000100000001000000000001000000000000000000000000000000000
0000000000000000000000000000000000000000000000000000010000010000000000010000000000000000000000000000000000000000000000000000000000000000000001000010000000000000
0000000000000000000000000000000000000000000000000000001000001000000000001000000000000000000000000000000000000000100000000000000000000000000000000001000000000000
0000000000000000000000000000000000000000000000000000000100000100000000000100000000000000000000000000000000000000000000000000000000000010000000100000000000000000
0000000000000000000000000000000000000000000000000000000010000010000000000010000000000000000000000000000000000000000000000000000000000000000000010000100000000000
0000000000000000000000000000000000000000000000000000000001000000100000000001000000000000000000000000010000000000000010000000000000000000000000000000000000000000
0000000000000000000000000000000000000000000000000000000000000000000100000000000000010000000000000000000000000000000010000000000000000000000000000000000001010000
0000000000000000000000000000000000000000000000000000000000000000000010000000000000001000000000000000000000000000000001000000000010001000000000000000000000000000
0000000000000000000000000000000000000000000000000000000000000000000001010000000000000101000000000000000000000000010000000000000000000000000000000000000000000000
0000000000000000000000000000000000000000000000000000000000000000000000100000000000000010000000000000000000010000000100000000000000000000000000000000000000100000
0000000000000000000000000000000000000000000000000000000000000000000000000100000000000000001000000000000000000000001000000000000000000001000000001000000000000000
0000000000000000000000000000000000000000000000000000000000000000000000000010000000000000000100000000000000000000000100000000000000000000000001000100000000000000
0000000000000000000000000000000000000000000000000000000000000000000000000000100000000010000001000000000000000000000000000000000001000001000000000000000000000000
0000000000000000000000000000000000000000000000000000000000000000000000000000010000010000000000000001000000000000000000000000000000000000001000000000000100000000
0000000000000000000000000000000000000000000000000000000000000000000000000000001000001000000000010000000000000100000000000000000000000000000000000000000000001000
0000000000000000000000000000000000000000000000000000000000000000000000000000000100000100000000000000100000000000000000000000010000000000000000000100000000000000
0000000000000000000000000000000000000000000000000000000000000000000000000000000010000000010000000000010000000000000000000000001000000000100000000000000000000000
0000000000000000000000000000000000000000000000000000000000000000000000000000000000000000000000100000000000001000000000000000000000000000100000000000100010000000
0000000000000000000000000000000000000000000000000000000000000000000000000000000000000000000000001000000000000010000000000010100000000010000000000000000000000000
0000000000000000000000000000000000000000000000000000000000000000000000000000000000000000000000000101000000000001010000000000000000100000000000000000000000000000
0000000000000000000000000000000000000000000000000000000000000000000000000000000000000000000000000000001000000000100001000100000000000100000000000000000000000000
0000000000000000000000000000000000000000000000000000000000000000000000000000000000000000000000000000000100000001000000100000000000000000000000001000010000000000
0000000000000000000000000000000000000000000000000000000000000000000000000000000000000000000000000000000010001000000000001000000000001000000000000000000000000010
0000000000000000000000000000000000000000000000000000000000000000000000000000000000000000000000000000000001000100000000000000100000000000000010000000000001000000
0000000000000000000000000000000000000000000000000000000000000000000000000000000000000000000000000000000000000000000000010000000000010000000000000010001000100000
0000000000000000000000000000000000000000000000000000000000000000000000000000000000000000000000000000000000000000000000000000000100010000000100000000000010000001
0000000000000000000000000000000000000000000000000000000000000000000000000000000000000000000000000000000000000000000000000000000000000000010000000001001100000100
0000000000000000000000000000000000000000000000000000000000000000000000000000000000000000000000000000000000000000000000000000000000000000000000000000000000011111