r,3
s,8
n,48
m1,32
m2,12
0,1,2,
2,3,4,
0,5,7,
4,6,8,
1,9,12,
7,10,13,
8,11,14,
3,15,19,
12,16,20,
13,17,21,
14,18,22,
5,23,28,
6,24,29,
10,19,30,
20,25,31,
21,26,32,
22,23,27,
9,29,33,
11,34,38,
16,28,39,
30,35,40,
31,36,41,
32,33,37,
15,38,41,
17,27,42,
18,43,44,
39,43,45,
26,40,46,
24,44,46,
25,37,47,
35,36,45,
34,42,47,
0,2,4,5,8,14,22,23,
0,1,7,9,13,21,32,33,
1,2,3,12,15,20,31,41,
3,4,6,19,24,30,40,46,
5,7,10,28,30,35,39,45,
6,8,11,29,33,34,37,47,
9,12,16,24,29,39,43,44,
10,13,15,17,19,34,38,42,
11,14,18,36,38,41,43,45,
16,20,23,25,27,28,42,47,
17,18,21,22,26,27,44,46,
25,26,31,32,35,36,37,40,
