r,3
s,8
n,96
m1,64
m2,24
0,1,2,
2,3,4,
0,5,7,
4,6,8,
1,9,12,
7,10,13,
8,11,14,
3,15,19,
12,16,20,
13,17,21,
14,18,22,
5,23,29,
6,24,30,
19,25,31,
20,26,32,
21,27,33,
22,23,28,
9,34,42,
10,35,43,
11,36,44,
29,37,45,
30,38,46,
31,39,47,
32,40,48,
33,34,41,
15,48,57,
16,49,58,
17,50,59,
18,51,60,
42,52,61,
43,53,54,
44,54,62,
45,55,63,
46,56,64,
27,47,65,
24,65,74,
25,66,75,
26,64,67,
28,68,76,
57,69,77,
58,70,71,
59,71,78,
60,61,72,
62,73,79,
40,63,80,
35,80,89,
36,50,67,
37,81,82,
38,82,90,
39,79,83,
41,84,87,
55,74,85,
70,75,86,
76,77,87,
78,85,88,
72,89,91,
49,51,83,
52,92,93,
53,93,95,
56,91,94,
86,90,95,
66,68,94,
69,88,92,
73,81,84,
0,2,4,5,8,14,22,23,
0,1,7,9,13,21,33,34,
1,2,3,12,15,20,32,48,
3,4,6,19,24,31,47,65,
5,7,10,29,35,45,63,80,
6,8,11,30,36,46,64,67,
9,12,16,42,49,51,60,61,
10,13,17,36,43,44,50,54,
11,14,18,44,51,62,79,83,
15,19,25,57,66,68,76,77,
16,20,26,50,58,59,67,71,
17,21,27,59,65,74,78,85,
18,22,28,60,68,72,91,94,
23,28,29,37,76,81,84,87,
24,30,37,38,45,55,74,82,
25,31,39,49,58,70,75,83,
26,32,40,56,64,80,89,91,
27,33,39,41,47,73,79,84,
34,41,42,52,69,77,87,92,
35,43,52,53,61,72,89,93,
38,46,56,66,75,86,90,94,
40,48,55,57,63,69,85,88,
53,54,62,73,81,82,90,95,
70,71,78,86,88,92,93,95,
