r,4
s,5
n,160
m1,80
m2,64
0,1,2,3,
2,4,5,6,
0,7,9,11,
5,8,10,12,
1,13,16,18,
9,14,17,19,
7,10,15,20,
3,21,25,28,
4,22,26,29,
16,23,27,30,
13,17,24,31,
6,32,37,40,
8,33,38,41,
22,25,34,42,
26,35,39,43,
21,27,36,44,
11,45,53,59,
12,46,54,60,
14,47,55,61,
15,48,56,62,
33,37,49,63,
20,50,57,64,
38,51,58,65,
32,39,52,66,
18,67,77,83,
19,68,78,84,
23,69,79,85,
24,70,76,86,
47,53,71,87,
48,54,72,88,
31,65,80,89,
55,73,81,90,
56,74,82,91,
45,57,75,92,
46,58,76,93,
28,94,104,108,
29,95,105,109,
30,88,96,110,
34,97,103,111,
35,79,98,100,
36,72,102,112,
69,77,99,113,
70,78,95,107,
44,90,106,114,
42,91,107,115,
67,80,101,116,
68,81,102,117,
50,82,103,118,
40,119,127,131,
41,120,128,132,
43,92,121,133,
49,61,122,134,
51,100,123,125,
52,75,101,126,
97,104,120,130,
96,98,105,124,
66,114,129,135,
63,87,113,130,
94,106,126,136,
59,137,146,150,
60,138,147,151,
62,139,148,152,
64,116,140,153,
71,85,141,145,
73,118,142,144,
74,125,143,145,
110,122,127,139,
117,121,123,128,
93,135,144,149,
86,119,129,154,
83,151,155,157,
84,132,156,158,
89,136,143,148,
99,111,138,149,
115,141,146,154,
112,133,137,147,
124,134,140,142,
108,152,158,159,
109,153,155,156,
131,150,157,159,
0,2,5,7,10,
0,1,9,13,17,
1,3,16,21,27,
2,3,4,22,25,
4,6,26,32,39,
5,6,8,33,37,
7,11,20,45,57,
8,12,38,46,58,
9,11,14,47,53,
10,12,15,48,54,
13,18,31,67,80,
14,19,55,68,81,
15,20,50,56,82,
16,18,23,69,77,
17,19,24,70,78,
21,28,44,94,106,
22,29,42,95,107,
23,30,79,96,98,
24,31,58,65,76,
25,28,34,97,104,
26,29,35,98,105,
27,30,36,72,88,
32,40,66,119,129,
33,41,63,120,130,
34,42,82,91,103,
35,43,100,121,123,
36,44,81,90,102,
37,40,49,122,127,
38,41,51,123,128,
39,43,52,75,92,
45,59,92,133,137,
46,60,93,138,149,
47,49,61,63,87,
48,62,88,110,139,
50,64,118,140,142,
51,65,89,125,143,
52,66,106,114,126,
53,59,71,141,146,
54,60,72,112,147,
55,61,73,134,142,
56,62,74,143,148,
57,64,75,101,116,
67,83,116,153,155,
68,84,117,128,132,
69,71,85,87,113,
70,86,107,115,154,
73,90,114,135,144,
74,91,115,141,145,
76,86,93,129,135,
77,83,99,138,151,
78,84,95,109,156,
79,85,100,125,145,
80,89,101,126,136,
94,108,136,148,152,
96,110,122,124,134,
97,99,111,113,130,
102,112,117,121,133,
103,111,118,144,149,
104,108,120,132,158,
105,109,124,140,153,
119,131,146,150,154,
127,131,139,152,159,
137,147,150,151,157,
155,156,157,158,159,
