r,4
s,5
n,80
m1,40
m2,32
0,1,2,3,
2,4,5,6,
0,7,9,11,
5,8,10,12,
1,13,16,18,
9,14,17,19,
7,10,15,20,
3,21,25,28,
4,22,26,29,
16,23,27,30,
13,17,24,31,
6,18,32,37,
8,33,38,40,
22,25,34,41,
26,35,39,42,
21,27,36,43,
11,28,44,52,
12,29,45,53,
14,46,54,58,
15,19,47,55,
33,37,48,59,
20,40,49,56,
38,50,57,60,
32,39,51,61,
23,61,69,71,
24,30,62,68,
46,52,63,72,
47,53,62,64,
31,48,58,60,
54,65,66,73,
55,66,70,74,
44,56,67,75,
45,57,68,76,
34,42,75,78,
35,69,76,77,
36,41,64,74,
43,63,71,73,
49,70,78,79,
50,65,77,79,
51,59,67,72,
0,2,5,7,10,
0,1,9,13,17,
1,3,16,21,27,
2,3,4,22,25,
4,6,26,32,39,
5,6,8,33,37,
7,11,20,44,56,
8,12,38,45,57,
9,11,14,46,52,
10,12,15,47,53,
13,18,31,37,48,
14,19,54,55,66,
15,20,49,55,70,
16,18,23,32,61,
17,19,24,47,62,
21,28,43,52,63,
22,29,41,53,64,
23,30,68,69,76,
24,31,57,60,68,
25,28,34,44,75,
26,29,35,45,76,
27,30,36,62,64,
33,40,56,59,67,
34,41,70,74,78,
35,42,77,78,79,
36,43,66,73,74,
38,40,49,50,79,
39,42,51,67,75,
46,48,58,59,72,
50,54,58,60,65,
51,61,63,71,72,
65,69,71,73,77,
