r,5
s,4
n,300
m1,120
m2,150
0,1,2,3,6,
2,4,5,7,11,
0,8,10,12,17,
5,8,9,13,18,
1,14,16,19,27,
10,14,15,20,28,
3,21,25,29,40,
4,22,26,30,41,
16,21,23,31,42,
6,22,24,32,43,
7,33,38,44,59,
9,34,39,45,60,
24,25,35,46,61,
26,33,36,47,62,
11,34,37,48,63,
12,49,56,64,82,
13,50,57,65,83,
15,51,58,66,84,
37,38,52,67,85,
18,49,53,68,86,
39,50,54,69,87,
17,51,55,70,88,
19,71,79,89,117,
20,72,80,90,118,
23,73,81,91,119,
55,56,74,92,120,
53,57,75,93,121,
28,71,76,94,122,
58,72,77,95,123,
27,73,78,96,124,
29,97,111,125,164,
30,98,112,126,165,
31,99,113,127,166,
32,100,114,128,167,
35,101,115,129,168,
36,102,116,130,169,
78,79,103,131,170,
76,80,104,132,171,
42,97,105,133,172,
43,98,106,134,173,
81,99,107,135,174,
61,100,108,136,175,
40,101,109,137,176,
41,102,110,138,177,
44,139,157,176,225,
45,122,140,158,226,
46,141,159,178,227,
47,103,142,160,228,
48,143,161,179,229,
52,133,144,162,180,
54,95,145,163,181,
109,111,146,182,230,
110,112,147,183,231,
105,113,148,184,209,
106,114,149,185,232,
62,129,139,150,186,
63,89,140,151,187,
115,141,152,188,233,
116,142,153,189,234,
85,119,143,154,235,
59,144,155,190,236,
60,145,156,191,230,
64,173,192,216,269,
65,193,217,236,270,
66,172,194,218,245,
67,195,219,237,271,
68,146,196,220,272,
69,147,197,221,264,
70,198,222,238,273,
74,136,199,223,239,
75,186,200,224,240,
77,135,201,211,241,
90,155,157,242,274,
148,156,158,202,275,
108,159,189,203,261,
150,160,174,204,262,
151,161,205,227,243,
86,126,192,206,244,
87,180,193,207,245,
88,125,194,208,246,
132,162,195,209,247,
121,169,196,210,276,
163,197,211,248,277,
120,168,198,212,240,
82,199,213,249,274,
83,200,214,238,250,
84,201,215,232,251,
91,175,252,266,281,
92,202,253,267,288,
93,171,254,255,263,
94,149,255,268,286,
96,250,256,278,291,
104,237,244,257,279,
107,154,188,219,248,
127,204,213,216,292,
124,128,214,217,252,
203,215,218,243,258,
206,220,233,259,271,
131,207,221,234,258,
177,179,208,222,280,
123,239,242,260,281,
184,223,253,261,282,
185,224,241,254,262,
165,170,256,264,279,
117,228,265,283,292,
118,225,257,278,284,
130,235,266,280,287,
134,205,251,290,297,
137,191,284,293,298,
138,246,285,289,294,
152,183,212,267,277,
153,210,247,263,282,
178,187,259,265,299,
226,231,268,285,288,
181,182,260,276,287,
164,272,289,295,299,
166,269,275,290,293,
167,270,286,294,296,
190,249,283,295,296,
229,273,291,297,298,
0,2,5,8,
0,1,10,14,
1,3,16,21,
2,4,6,22,
3,6,24,25,
4,7,26,33,
5,9,11,34,
7,11,37,38,
8,12,18,49,
9,13,39,50,
10,15,17,51,
12,17,55,56,
13,18,53,57,
14,19,28,71,
15,20,58,72,
16,23,27,73,
19,27,78,79,
20,28,76,80,
21,29,42,97,
22,30,43,98,
23,31,81,99,
24,32,61,100,
25,35,40,101,
26,36,41,102,
29,40,109,111,
30,41,110,112,
31,42,105,113,
32,43,106,114,
33,44,62,139,
34,45,63,140,
35,46,115,141,
36,47,116,142,
37,48,85,143,
38,52,59,144,
39,54,60,145,
44,59,155,157,
45,60,156,158,
46,61,108,159,
47,62,150,160,
48,63,151,161,
49,64,86,192,
50,65,87,193,
51,66,88,194,
52,67,162,195,
53,68,121,196,
54,69,163,197,
55,70,120,198,
56,74,82,199,
57,75,83,200,
58,77,84,201,
64,82,213,216,
65,83,214,217,
66,84,215,218,
67,85,154,219,
68,86,206,220,
69,87,207,221,
70,88,208,222,
71,89,122,140,
72,90,123,242,
73,91,124,252,
74,92,223,253,
75,93,224,254,
76,94,171,255,
77,95,163,211,
78,96,170,256,
79,103,117,228,
80,104,118,257,
81,107,119,154,
89,117,187,265,
90,118,157,225,
91,119,235,266,
92,120,212,267,
93,121,210,263,
94,122,226,268,
95,123,181,260,
96,124,214,250,
97,125,172,194,
98,126,173,192,
99,127,174,204,
100,128,175,252,
101,129,139,176,
102,130,177,280,
103,131,142,234,
104,132,195,237,
105,133,162,209,
106,134,232,251,
107,135,211,248,
108,136,223,261,
109,137,191,230,
110,138,231,285,
111,146,164,272,
112,147,165,264,
113,148,166,275,
114,149,167,286,
115,152,168,212,
116,153,169,210,
125,164,246,289,
126,165,244,279,
127,166,216,269,
128,167,217,270,
129,168,186,240,
130,169,276,287,
131,170,221,264,
132,171,247,263,
133,172,180,245,
134,173,269,290,
135,174,241,262,
136,175,239,281,
137,176,225,284,
138,177,208,246,
141,178,233,259,
143,179,235,280,
144,180,193,236,
145,181,182,230,
146,182,196,276,
147,183,197,277,
148,184,202,253,
149,185,254,255,
150,186,224,262,
151,178,187,227,
152,188,248,277,
153,189,261,282,
155,190,249,274,
156,191,275,293,
158,202,226,288,
159,203,227,243,
160,204,228,292,
161,205,229,297,
179,222,229,273,
183,231,267,288,
184,209,247,282,
185,201,232,241,
188,219,233,271,
189,203,234,258,
190,236,270,296,
198,200,238,240,
199,239,242,274,
205,215,243,251,
206,237,244,271,
207,218,245,258,
213,249,283,292,
220,259,272,299,
238,250,273,291,
256,257,278,279,
260,266,281,287,
265,283,295,299,
268,285,286,294,
278,284,291,298,
289,294,295,296,
290,293,297,298,
